Starting Dynare (version 4.5.1).
Starting preprocessing of the model file ...
Found 9 equation(s).
Evaluating expressions...done
Computing static model derivatives:
 - order 1
Computing dynamic model derivatives:
 - order 1
Processing outputs ...
done
Preprocessing completed.

STEADY-STATE RESULTS:

y     		 0.0740435
c     		 1.28135
k     		 0.675021
n     		 0.0261699
q     		 126.788
omega 		 1
r     		 0.010101
d     		 0.01
z     		 1

MODEL SUMMARY

  Number of variables:         9
  Number of stochastic shocks: 2
  Number of state variables:   6
  Number of jumpers:           3
  Number of static variables:  1


MATRIX OF COVARIANCE OF EXOGENOUS SHOCKS
Variables          e1        e2
e1           0.000025  0.000000
e2           0.000000  0.000001

POLICY AND TRANSITION FUNCTIONS
                                   y               c               k               n               q           omega               r               d               z
Constant                    0.074044        1.281352        0.675021        0.026170      126.787893        1.000000        0.010101        0.010000        1.000000
k(-1)                       0.109410        0.002303       -0.110941        0.038623        1.768686               0       -0.000124       -1.240664               0
q(-1)                      -0.000097        0.000795       -0.038277       -0.000050        0.610231               0       -0.000043       -0.428053               0
omega(-1)                   0.066453        0.211947       88.668854        0.019146      -39.768779        0.400000        0.004890       48.896618               0
r(-1)                              0       -0.000008        0.000383               0       -0.006102               0               0        0.004281               0
d(-1)                       0.000098       -0.000803        0.038663        0.000051       -0.616395               0        0.000043        0.432377               0
z(-1)                       0.000372        0.253216       -1.337451        0.000194        2.726261               0        0.000165        1.645107        0.200000
e1                          0.166133        0.529867      221.672134        0.047865      -99.421948        1.000000        0.012224      122.241546               0
e2                          0.001862        1.266082       -6.687256        0.000968       13.631306               0        0.000823        8.225537        1.000000


THEORETICAL MOMENTS
VARIABLE         MEAN  STD. DEV.   VARIANCE
y              0.0740     0.1326     0.0176
c              1.2814     0.0085     0.0001
k              0.6750     1.2061     1.4546
n              0.0262     0.0468     0.0022
q            126.7879     5.6280    31.6744
omega          1.0000     0.0055     0.0000
r              0.0101     0.0004     0.0000
d              0.0100     3.9405    15.5274
z              1.0000     0.0010     0.0000



VARIANCE DECOMPOSITION (in percent)
             e1      e2
y        100.00    0.00
c         97.68    2.32
k        100.00    0.00
n        100.00    0.00
q        100.00    0.00
omega    100.00    0.00
r        100.00    0.00
d        100.00    0.00
z          0.00  100.00



MATRIX OF CORRELATIONS
Variables         y       c       k       n       q   omega       r       d       z
y            1.0000  0.2195  0.3591  1.0000  0.0634  0.3876 -0.0353 -0.0353 -0.0011
c            0.2195  1.0000  0.2045  0.2161  0.8929  0.4788 -0.8591 -0.8591  0.1524
k            0.3591  0.2045  1.0000  0.3587 -0.2324  0.9564  0.3023  0.3023 -0.0055
n            1.0000  0.2161  0.3587  1.0000  0.0601  0.3861 -0.0322 -0.0322 -0.0011
q            0.0634  0.8929 -0.2324  0.0601  1.0000  0.0619 -0.9974 -0.9974  0.0021
omega        0.3876  0.4788  0.9564  0.3861  0.0619  1.0000  0.0107  0.0107  0.0000
r           -0.0353 -0.8591  0.3023 -0.0322 -0.9974  0.0107  1.0000  1.0000  0.0025
d           -0.0353 -0.8591  0.3023 -0.0322 -0.9974  0.0107  1.0000  1.0000  0.0025
z           -0.0011  0.1524 -0.0055 -0.0011  0.0021  0.0000  0.0025  0.0025  1.0000



COEFFICIENTS OF AUTOCORRELATION
Order         1       2       3       4       5
y        0.3582  0.0986 -0.0022 -0.0397 -0.0520
c        0.9304  0.8698  0.8122  0.7576  0.7062
k        0.3523  0.0965 -0.0028 -0.0396 -0.0518
n        0.3573  0.0984 -0.0021 -0.0395 -0.0518
q        0.9502  0.8927  0.8346  0.7788  0.7260
omega    0.4000  0.1600  0.0640  0.0256  0.0102
r        0.9280  0.8632  0.8036  0.7485  0.6972
d        0.9280  0.8632  0.8036  0.7485  0.6972
z        0.2000  0.0400  0.0080  0.0016  0.0003


Relative standard deviations in %
VARIABLE    REL. S.D.
y            179.0198
c              0.6603
k            178.6737
n            178.8761
q              4.4389
omega          0.5455

sigmac_sigmay =

    0.0037

Total computing time : 0h00m07s
