Starting Dynare (version 4.5.1).
Starting preprocessing of the model file ...
Found 10 equation(s).
Evaluating expressions...done
Computing static model derivatives:
 - order 1
Computing dynamic model derivatives:
 - order 1
Processing outputs ...
done
Preprocessing completed.

STEADY-STATE RESULTS:

y  		 1.48649
c  		 1.11695
k  		 3.39768
i  		 0.339768
h  		 1.00742
A  		 1
d  		 0.7442
tb 		 0.029768
ca 		 1.2837e-16
g  		 0

MODEL SUMMARY

  Number of variables:         10
  Number of stochastic shocks: 2
  Number of state variables:   4
  Number of jumpers:           4
  Number of static variables:  3


MATRIX OF COVARIANCE OF EXOGENOUS SHOCKS
Variables          e1        e2
e1           0.000166  0.000000
e2           0.000000  0.000166

POLICY AND TRANSITION FUNCTIONS
                                   y               c               k               i               h               A               d              tb              ca               g
Constant                    1.486487        1.116951        3.397685        0.339768        1.007418        1.000000        0.744200        0.029768               0               0
A(-1)                       1.172119        0.591292        0.959115        0.959115        0.545956        0.420000        0.378288       -0.378288       -0.378288               0
d(-1)                              0       -0.043815       -0.022397       -0.022397               0               0        0.974341        0.066211        0.025659               0
g(-1)                              0       -0.010417       -0.004691       -0.004691               0               0        0.184892       -0.184892       -0.184892        0.200000
k(-1)                       0.262839        0.166483        0.500311       -0.399689        0.122426               0       -0.496044        0.496044        0.496044               0
e1                          2.790760        1.407839        2.283606        2.283606        1.299894        1.000000        0.900685       -0.900685       -0.900685               0
e2                                 0       -0.052085       -0.023455       -0.023455               0               0        0.924460       -0.924460       -0.924460        1.000000


THEORETICAL MOMENTS
VARIABLE         MEAN  STD. DEV.   VARIANCE
y              1.4865     0.0459     0.0021
c              1.1170     0.0316     0.0010
k              3.3977     0.0498     0.0025
i              0.3398     0.0307     0.0009
h              1.0074     0.0214     0.0005
A              1.0000     0.0142     0.0002
d              0.7442     0.4021     0.1616
tb             0.0298     0.0301     0.0009
ca             0.0000     0.0248     0.0006
g              0.0000     0.0132     0.0002



VARIANCE DECOMPOSITION (in percent)
          e1      e2
y      99.78    0.22
c      91.35    8.65
k      97.35    2.65
i      99.92    0.08
h      99.78    0.22
A     100.00    0.00
d      79.81   20.19
tb     77.09   22.91
ca     75.96   24.04
g       0.00  100.00



MATRIX OF CORRELATIONS
Variables         y       c       k       i       h       A       d      tb      ca       g
y            1.0000  0.8194  0.9387  0.6690  1.0000  0.9635 -0.1043 -0.0198  0.0429 -0.0005
c            0.8194  1.0000  0.9329  0.5026  0.8194  0.7192 -0.6554 -0.3037  0.0601 -0.0263
k            0.9387  0.9329  1.0000  0.4624  0.9387  0.8233 -0.3790 -0.0182  0.2184 -0.0084
i            0.6690  0.5026  0.4624  1.0000  0.6690  0.8302 -0.0020 -0.5248 -0.6110 -0.0112
h            1.0000  0.8194  0.9387  0.6690  1.0000  0.9635 -0.1043 -0.0198  0.0429 -0.0005
A            0.9635  0.7192  0.8233  0.8302  0.9635  1.0000  0.0179 -0.1349 -0.1687  0.0000
d           -0.1043 -0.6554 -0.3790 -0.0020 -0.1043  0.0179  1.0000  0.5156 -0.0308  0.0377
tb          -0.0198 -0.3037 -0.0182 -0.5248 -0.0198 -0.1349  0.5156  1.0000  0.8405 -0.3993
ca           0.0429  0.0601  0.2184 -0.6110  0.0429 -0.1687 -0.0308  0.8405  1.0000 -0.4897
g           -0.0005 -0.0263 -0.0084 -0.0112 -0.0005  0.0000  0.0377 -0.3993 -0.4897  1.0000



COEFFICIENTS OF AUTOCORRELATION
Order         1       2       3       4       5
y        0.6178  0.3617  0.2083  0.1220  0.0753
c        0.8008  0.6677  0.5876  0.5419  0.5165
k        0.7942  0.5679  0.4058  0.3055  0.2478
i        0.0693 -0.1370 -0.1355 -0.0927 -0.0546
h        0.6178  0.3617  0.2083  0.1220  0.0753
A        0.4200  0.1764  0.0741  0.0311  0.0131
d        0.9981  0.9951  0.9918  0.9885  0.9852
tb       0.4978  0.3445  0.2987  0.2863  0.2838
ca       0.2897  0.0738  0.0103 -0.0058 -0.0080
g        0.2000  0.0400  0.0080  0.0016  0.0003


Relative standard deviations in %
VARIABLE    REL. S.D.
y              3.0859
c              2.8318
k              1.4660
i              9.0428
h              2.1209
A              1.4214

sigmac_sigmay =

    0.9176

Total computing time : 0h00m03s
